1 2.02318
2 0.0241157
3 0.0070597
4 0.00302923
5 0.00191076
6 0.0016527
7 0.00140128
8 0.00108501
9 0.000887602
10 0.000779042
11 0.000658639
12 0.000538385
13 0.000460656
14 0.000402819
15 0.000345102
16 0.000301188
17 0.000267357
18 0.00021456
19 0.000155501
20 8.98307e-05
21 0.000101516
22 5.18825e-05
23 3.67847e-05
24 4.39689e-05
25 2.93916e-05
26 1.16658e-05
27 9.30208e-06
28 9.3285e-06
29 7.75424e-06
30 7.58735e-06
31 1.58591e-07
32 1.6614e-05
33 4.21502e-05
34 4.63327e-05
35 1.51514e-05
36 3.19781e-06
37 2.47809e-07
38 1.55198e-06
39 2.39461e-06
40 5.95604e-06
41 4.89082e-06
42 2.06483e-06
43 1.04987e-06
44 1.05689e-06
45 2.89932e-07
46 3.46488e-07
47 4.15816e-07
48 1.49951e-07
49 9.70508e-08
50 1.02509e-07
51 9.83814e-08
52 8.3247e-08
53 5.60212e-08
54 2.43969e-08
55 3.57789e-08
56 5.34624e-08
57 1.24161e-08
58 5.02604e-08
59 4.34531e-08
60 1.41401e-08
61 1.08614e-08
62 6.85711e-09
63 1.38786e-08
64 3.35014e-09
65 2.46171e-09
66 2.77477e-09
67 1.32004e-09
68 5.3112e-10
69 6.36122e-11
70 6.25444e-10
71 1.45862e-09
72 9.31034e-10
73 1.60688e-10
74 1.42518e-10
75 2.5306e-11
76 4.96003e-12
77 2.39808e-14
78 1.86517e-14
79 9.32587e-15
80 8.88178e-16
81 4.44089e-16
82 0
83 0
84 0
85 0
86 0
87 0
88 0
89 0
90 0
91 0
92 0
93 0
94 0
95 0
96 0
97 0
