2 1.95711
3 0.552611
4 0.186533
5 0.0606704
6 0.0190218
7 0.00659627
8 0.00184948
9 0.000776162
10 0.000137444
11 0.000115441
12 7.43224e-06
13 2.53122e-05
14 8.85851e-06
15 7.3748e-06
16 3.61039e-06
17 2.18711e-06
18 1.03979e-06
19 4.51805e-07
20 9.06968e-08
21 9.26362e-08
22 1.81216e-07
23 2.10959e-07
24 2.0931e-07
25 1.91402e-07
26 1.66717e-07
27 1.40515e-07
28 1.15658e-07
29 9.34935e-08
30 7.45017e-08
31 5.86745e-08
32 4.57544e-08
33 3.53753e-08
34 2.71449e-08
35 2.06881e-08
36 1.56692e-08
37 1.17991e-08
38 8.83602e-09
39 6.58211e-09
40 4.87786e-09
41 3.59644e-09
42 2.63811e-09
43 1.92509e-09
44 1.39729e-09
45 1.00856e-09
46 7.23724e-10
47 5.16099e-10
48 3.65581e-10
49 2.57086e-10
50 1.7936e-10
51 1.24042e-10
52 8.4952e-11
53 5.75437e-11
54 3.84892e-11
55 2.53673e-11
56 1.64229e-11
57 1.03957e-11
58 6.38734e-12
59 3.7601e-12
60 2.06768e-12
61 1.00053e-12
62 3.45945e-13
63 4.08562e-14
64 2.58016e-13
65 3.66818e-13
66 4.10783e-13
67 4.16556e-13
68 3.9968e-13
69 3.71259e-13
70 3.37064e-13
71 3.02425e-13
72 2.66454e-13
73 2.34035e-13
74 2.02949e-13
75 1.74971e-13
76 1.49214e-13
77 1.26565e-13
78 1.06137e-13
79 8.88178e-14
80 7.37188e-14
81 6.03961e-14
82 4.92939e-14
83 3.95239e-14
84 3.24185e-14
85 2.53131e-14
86 1.95399e-14
87 1.59872e-14
88 1.15463e-14
89 8.88178e-15
90 7.10543e-15
91 5.32907e-15
92 3.55271e-15
93 2.66454e-15
94 2.22045e-15
95 1.33227e-15
96 8.88178e-16
97 0
